46 1131 2797 598 46 1892 89 58 58 401 37 2412 8749 18685 6 2171 4976 4464
6 77 205 20 217 3 6063 81 18293 12 58833 6341 5632
887 475 2161 9706 345 5751 3299 13352 978 86581 594 620 5848 80862 7092 103351 682 1707 8251 197547 5 8488 1484 182
560 119455 3652 3 4488 1274 4078 7 2684 1651 711 4404 13443
25 35 3044 60084 74 446 69 2283 392 5 326 20143 92 28 452 383 0 13459 20383 2 18275
0 150 340 637 382 251989 858 441 23668 29 22 3267 43 951 4 10 437 349 5 5293
5616 1616 3150
517 3549 24 81 17 1214 3922 5288 444 0 532 699
3411 35526 2053 554 82 100 1109 586 2250 82 4956 18 2738 723 9446
11 836 5417 211 5 861 3601 7 64 2064 213 7 3047 74 1291 816
13 1310 1021 55 3 4523 534 655 16
233 46 20271 667 1964 1005 1521 1743 1349 737 5198 135 38 478 462 1033 18 390 525 195
55063 6521 600 2578 4676 2908 6521 2468 53 974 33009 92 1852 763
375 26 165 3366
488 4474 845 10756 52 252 1810 5 362 8 10503 131 916 8171 32250 4 368 5326 3562 7857 947 5271 3361 5
28 14 1123 1736 8045 284 550
58 1086 1 76025 2416 9930 17010 117 38 2 52 828
33 24648 5140 24847 903 768 320 43 915 4453 5093 4944 42 9 149 749
521 566 502 1615 202 4525 4188 1683 3125 1199 919 278 3462 152 1176 93 4812 4497
47 24 189 3820 27 4566 442 23907 5060 31 67 80 232 110 65 13 1 427 758 11972 17 669 3311 44 16738 996 289 1926
70 1474 22 575 336 2667 12798 36 8812 123 0 2319 46 144 663 260 45 158 105 148 6591 12746 1716 18 15514 9 3583 1550 4 148 1182 4264 24236
72 7430 918 3321 4 163 170 180 1018 6 295 192
58 10 1383 94 266 24 2168 2 500 887 4869
8474 346 712 18668 1378
25 285 144 3302 3850 153 107 494 17 76 151 1529 36 445 1 751 113 4502 1263 44 32279 685 2829 1147 2 684 445 765 93 6 2615 1 31879 3662 18 1441 1 7863 38 26371 1474 5 0 9898 387
707 234 101227 42127 31 429 2199 332 1 172 3441 1426 8 1171 25921 14 13 11 6475 4237
48 22 1 20 470 2964 972 162 2204 562
15 75 447 143 207 1422 27 4517 18 21 196 78 2345 6590 3139 98 7577 3 67935 18 263 4389 568 78129 87 2 4793 3768
28 845 79 38 51 784 1742 1257 8266 106 155 171 1470 172 49 2177 155 491 9004
793 156 216 399 1432 63577 621 1 19478 2310 23928
233 151 1084 36 1852 2298 177 267 633 67 2275 35 387 3741 39 267 3287 66 103 264 1802 332 31332 929
143 989 36 243 7440 84 1355 9421 2 109 99 139 3 386 44 1694 949
882 874 11 85 39 1092 413 634 160 39 3 413 5 537 3 56 318
72 148428 120 90235 1166 23 37 2655 519 99 16 2282 3255 12321 6 5381 15 604
468 32 60 84 9676 3357 9 1726 17 115
1528 126 388 31 1836 113 5 522 23 709 7393 212 506 1903 1077 172 210 1773 124 21 64 473 73 260
11269 9 0 454 7262 1479 14303 363 304 643 6988 8704 4677 1083 32998 14 59 10 558 87 740 2 1151 2921 7262 14303 23 34 2781 69 296 197 1281 1833 454 7262 153143 693
93 574 9921 0 3870 21 2766 0 801 187 26 1144 1 152 93 355 438 772 315 3387 45 158
2731 1286 7494 13 11 27 49 90 674 758 104 86 556 742 179 11 419 3081 26 1221 3 2350 277 161 44 3655 10 1003 253
11 2348 18 38589 42494 152 19722 2503 428 2395 2870 12555 10 813 136 167
46 987 350 1972 19103 114 33635 21 31845 67 2327 113 4680 330 19320 280 1219 57 1681 280 29 8 282 5682 510 31746 2027 1013 2363 215
0 13394 10 122763 16652 3829 3290
2561 20 46 2 0 19734 202 187003 4885 53803
15 1196 11205 829
14332 138 30473 7376 36081 4 16277 22 37 1520 1 20 1601 1666 23655 6886 6384 8849 2057 4663 5 9566 12 3 2057 3835
59 22 37 5244 7 10506 493 739 80 20 781 888 5 2391 105 8 3004 2 254 73
1111 31 407 174 44 12108 816 2895 34 760 4440 535 1150 1964 675
84 19371 11 26 74313 378 323 18 749 4977 22157 382 2450 3513
334 21872 2188 1008 18 341 46 67 20 3910 732 665 29 140 7 15 26 7909 1237 2163 2 1986 2897 2 325 0 341
700 34 335 52 439 83 66 646 2 121497 43 646 1358 2245 138 10312 60354 4 64890 3295 646 2668 1179
266 42 225 1938 6033 673 4246 853 65 28 671 1569
60 70796 59523 23 81 37 335 178798 2132 4469 21784 101 10 98 9306 8
63 56 3 1511 234 11 842 4604 44 418 0 657 36 5017
20209 1483 1008 5096 3715 16618 10348 577 270 700 26 387 5 40 45672 1613 10 5134 77922 31228 29244 209 18719 2099
0 866 1284 24 3286 111 5806 1213 38 769 59 10 8 604 1695 7 2848
76 67069 1003 1314 4 11483 429 895 0 286 36 829
194 55 177 46 128 20 100 461 83 89 13 491
1080 6359 10989 181 3558 2596 1078 2538 0 144 5745
1287 35547 10 125 437 1665 2 150 159 35 1395 7106
45 158 455 204 1979 10645 13008 5583 46 84 11497 504 7899 290 1335 29 12883 17 6626 2525 577 794 1042 21 145
4 16 3907 10 62 1881 8 1066 2165 26 17937 318 30 56 50 423 43 21 332 47 572 9 4 47 5196 123 0 1898 454
5979 5978 542 307 7204 602 6329 1394 2024 62 111 1857 64 229 95 13371 20 130 21492 1013 140
92 24346 5 45 2818 5 721 2572 2340 388 211 4528 5 56796 5535 6179 388 66 28744 1812 2521
2721 10 64 693 232 57 546 4967 7 47560 26859 1785 662
24751 148 303 5 53 285 144 6103 1428 438 339 296 319 8 6876 789 3 2842 523 62167 10440 1452 103
6279 556 939 965 1143 62
415 98 357 30 112 927 2364 549 38479 1848 454 3235 50905 2504 60443 66300 1763 2290 10809 582 60443 2209 1195 16631 3 60443 4 69 192644 12281
25 77 47 1306 81423 3887 74 302 69 7386 3626
7 1868 70 699 131 60 2610 38039
270861 347 74997 758 183 0 5186 212 7469 29 177 958 1860 588 2329 3 206 2 1561 224 3069 360 30 224
169 31 11 19 203 9626 27 322 37 1571 97
12209 31 2986 8362 1621 137 27 2784 7 0 11001 3606 57 229 5347
4330 18666 6683 1548 4774 17962 138 623 10531 6488 159184
3552 2933 1256 285 144 4237 6533 13654 2116 54583 412 569 1 31539 6533 153 31 6500 10532 584 69 154 3569 1790 2576 1260 1522 18 82 18
0 1000 383 8005 1866 101 2783 1907 75924 38183 16668 4366 19 6414 3629 2 152 59368 1011 212 3330 454 3327 23 188 94 767 4 943 12 2971 4683
648 685 193 230 4335 35 3459 5 0 1551 4719 13564 6861 4705 45 278
47 468 5435 29 1144 70 143 630 47 2404 4 47 42 83 88 62 938 5679 276 78 2979
270 1967 582 13354 432 1253 471 37 1473 8303 195 2906
174 4037 71 1376 2 7576 7763
5523 379 3594 4 1833 9587 52 2313
42110 47796 8870 2886 139 62405 51567 11 502 9 255 166 507
1725 2587 30
32 22 5949 211 31 32 783 31 783 213
8 21 159 72 15470 188 783 1670 8 67118 4066 2428 6694 1526 2870 2021 18934 3606 1590 5 53 688
3950 1571 1119 16568 2500 53 4562 191727 212 53 1475 6225 3056
48 106 3307 6650 95 48 926
1809 145 5 1377 705 3 790 150 313 4 11 64 790 99 64 313
156 16361 2131 6217 14842 37587 10467 4 424 85496
1652 3 1557 10738 409 4293 5894 35 34265 2005 83 253 48 625 1375 350 3217 552 10 106 13768 17 2785 40531 2879 214
83839 6 4750 219 4452 38 51 85
752 128 876 35 1444 3160 1695 38 43 531 897 1860 7 975 2940 151 484 361 4336
1778 3 3585 152 1771 2422 87 743 138 352 6006 151795 2422 8248
1381 11 457 14646 5 2024 471 1031 1721 9074 5063 9074 5 102051 6450
3126 11 1355 2 2555 12 21 670 83 431 86 472 166 29337 503 2779 6 320 6195 1527 56565
15147 9 14470 2446 42 140 48 1 414 8756 76 185584 9107 642 1835 4332 0 147 224 1178 1183 41 410 43 21134 1070 9 255
11894 344833 4 3633 5521 413 3 18325 688 17 3884 30739 311
144 1690 18 9785 24557
534 1021 55 104 1407 43 541 57
8900 42 1563 114 3 1700 826 15 1764 15 1805 1271
11 27 1016 406 40 1210 2283 811
0 1528 808 46476 30634 0 45 158 311 1231 5925 12 9805 471
70 1255 57 1302 2559 1052 3 1876 413 2 592 325 2761 284 61 384 1241 5773 57 1 122 7965 185
493 831 12 153 17 78966 63 112 54 1752 1722 9044
488 997 11 5700
1046 286 24 54 4415 955 266 4934 1083 2673 1471 220 9484 31 1997 5231 4151 129 35 7466 528 16658
143 61 29 280 117 13 350 47 24 3187 2 79 28 125 530 44 71
496 468 90
11617 2075 21 603 430 385 3061 1765 3555 5853 4949
1875 19 30 6780 1851 1620 59 24 1147 165 832 31 449 55 666 9727 1222 4 1861 55 348 35 1797 25 22 5882 37 6865 18 4044 2 130 39 62 35 115 1556
44 27606 1974 331 22 7220 110
73 231 7 198 3948 1423 106 4339 2025 1962 2509 1768 106 2509 603 19871 79 89 16 449 55 4198 22314
148 4071 15 810 31 23 2282 13049 2258 1089 180 814 1761 65459 843 955 41 2540 6475 5 87259 711 4903 2224
20089 17000 19 4390 1289 150762 4327 4770 87 50 58 262 19 5215 1 303 53 64 1490 11410 17074 83 66 56 244 17 655
47 2030 526 80 221 39 1105 2 1125 11 517 16 14
44 21 11841 748 74752 597 0 876 2 553 339 13 728 3373 284 2950
4472 80723 36868 87607 54 702 5045 35 63 360 383 68 3069 6828
47 449 55 239 17422 23835 9 83 75 47 74 126 47 356 15460 62 4536 47 671 122 732 107 1004 436 34914 5661
38 4 38 81 1265 19248 24 2544 68 4485 247 489 62 7562 204 3226 27012 9574 3028 86 64460 315 2315 25860 1169 1609 2003
28 96 27 233 176 1917 122 2296 321 7 20771 225 977 35 723 541 249 6046 1883 114 15 4160 2324 851 196 916 586 149 271 140 38 2186 478 5 1151 4551
298151 58 3656 38 51 1733 10058 16011 19 33 24920 53 3327
5402 588 81 82 49 9 511 63 56
72 33 941 22 1747 3903 8 43 254 73 44 4624 133 1174
130 38 712 20 585 346 0 78 1 5379 963 1005 1540 887 33 1387
29623 229 58 11 883 1052 1417 8
92107 885 2238 85 586 2934 102 2509 482 5267 6172 19 77 2437 268
251 167 38 51 85 3077 751 4592 904 4 225055 4120 10473 6886 1843 4 409 4401 5129 7 7923 79 527 4592 904 6182 2414 2875 20 2122 4 527 141
18 76 216 708 61278 148 1489 1146 1285 0 1483 75 19374 7 8413 79 97 905 192
706 149 17965 1118 21 1880 730 81 7323 46 0 84 6853 5 520 612
13 2077 3 616 100 13281 14663 3544 25738 31 1499 3 18928 25271 4537
318 174 144 523 435 2837 1323 26 3816 1496 1065 92 929 5282 1 122 2401 178 1826 1 779 8184 1618 1051
1259 276 571 2043 436 46 2565 2 3 59844 553 861 474 307 2886 2140 255 7 38 2898 36 9303 68 326 12459 116 3452 2156
94 268 22 3857 2106 4363
453 30 91 57 91 65 48 356 37 2531
99 3096 1143 0 146 154 203 898 793 62 22 3052 247 8 2246 12651 18 726
30 60027 61286 33 23 37 1908 49 51861 3511 81 13 1309 1406 142 196 14565 101 48 67 2241 9290 2 3291 40140 4751 8933 4509 50550 8142 14895 39 7700 22 13 1275 62 38735 1 48 49 1 2 142 7827 39657 464 688
10030 46 2 111 1899 1272 31 4418 57 745 4101 46 240 170 367 2512 117 3032 1455 88 0 913 202
48 67 22 71 1306 2 98 8819
3642 1428 438 15 514 105
13314 7346 68 2611 556 1986 293 21 6000 25 7346 2611 3568 517
279 265 4855 13560 2203 17 43 3232 12 332 958 79 17 43 38 18 172 2 56
233 306 554 82 167 66 167
84 61 117 110 68 1692 368 48 2406 30
1059 1513 495 4848 118 3016 183 230 13 42 4240 38 578 1033 68101 1093 136 167 65 696 1910 7628 30 56 784 1704 15 130 15 1894
611 4541 8067
1543 29 1154 2367 2735 30 167 1 2771 7602 12 11829 279 4923 135096 5591 3797 0 47956 10768
3145 815 3651 29 117 21 169 1378 4 47918 116 146 35 7400 870 863 2431 3671
16410 1305 6037 29 1775 77 96 12 413
30 56 47 995 38 1837 6163 1646 18431 40 5 2935 3 33 453 106 3941 3416 5 200 12532 516 100 7395 967 346 2010 1033
2011 23 1255 57 263 1672 954 12241 100 3491 2209 10 4839 1427 4913 1450 78 1013 49 723 100 0 4913 2256 35 441
349 478 2160 17 2175 5 469
17136 412 8762 5877 3592 2842 321 1 2164 79 49 477 1719
47 96 27 468 218 135 1249 2577 81 39 395 10 18 8890 1033 1 4862
75 529 374 5081 47291 107 240 8095
639 223 20 1955 228 431 2525 589
44 73 14966 1048 671 172 890 965 5624 28450 587 1028 240 3384 14356 6 2997 76519
1809 12 1496 184 572 790 13481 617 173 9908 24961 141 12 30 1140 938 8840 5148 7609 735 9 2510 331 8836 735 6192 737 1857 462 1980 1047 8950 3283 4019 178 982 4561 13 538 177 382 983 1190 840 38 51 1712 8429 72 18583 1031 26 228 864
59 11 70 1828 270 16324
33 404 308 599
7024 1267 1705 55 1506 53 2505 542 5 109 3616
77 67 3596 1089 2141 20
5256 24048 16635 1275 261 63 112 15 12625 2911 900 92 136 5256 32362 16635 12625 602 4621 5 226
2351 3 9458 12821 6937 2879 147 10287
588 277 105 284 8656 8100 1 160
1900 688 11 33262 27 243 12 69 6993
6827 13 3074 27 12021 8 1547 4838 1 9662 325 5 30 135
30 947 38 51 127 888 437 1 5497 508
9562 421 2174 4443 780 11654 15250 7199 1152 1598 3682 2846 984 100
106 10828 20486 211 4 21 1922 17 4223 3720 124 30 817 76 4635 14 386
3555 3894 528 7310 5 1407 43 0 537 2165 26 29670 43 6001 1598 5287 6 5531 21741 39 1519 57 7929 445 2470 7538 64698 9538 164218
525 391 6342 151 1084 36 54 779 1582 2022 187 12 6268 131 60 1529 223
944 654 7453 1890 72 4106 29 1593 110 100 143 723
63 112 2715 507 26 1385 2247 4576 8364 5037 7749 1840 81 1402 20 3 253 448 11874 7441 1840 7 0 3109 34 8822
8 28 1088 27 80 52 25 810 35 135 39 543 0 135 2 46 29979 3386 75 350 128 47 20 9059 1383 35 8180 1198 384
32 597 3651 119 211 364 22 70 796 2332 9644 4 39 3019 71 796 2190 451 11 1666
9539 1043 95 322 303 901 1560 304 3284 6 45 2316 340 10147 13111 1121 2 40 23 37 31541 9539 7155 72848
1714 59 71 46 21094 267 39 27 58 794 48 625 225 389 263 10522 2154 0 2216
263 8523 22 37 2043 2406 4986 7044 1856
1 1240 15 26 2481 48 22 1 3208 18 142 6372 209 3171 1360 364 667 30 29 953 1164 8083 2126 38 18975 5052 139 1192 70 163 1324 1832
5751 326 5677 411 9600 187 230 228 193 5751 10380 14
5 259 240 73 0 2677 6061 37 13156 543 51 9 484 2271 139 2559 41 1119 37 676 49180
16 10 1656 17296 14187
16 54 14 20926 5191 3549 74 9426 3109 25 128 80 781 1343 2553
388 2918 3872 21609 6680 21 386
7779 38633 1018 457 234 7 5784 29 22 26 264 915 347 4615 49 963 323 18 471
3 4986 27261 3800 62 450 545 1024
26 2071 428 1541 306 22 5385 85 9127 51841 3002 641 85031 63 230 6 6374 1001 714 1159 6045 1772 17 57 529 5 627 847 12 21 1810
3337 712 1 365 21 38 24089 1700 13244 1919 27730 202 52
3346 1929 10104 5 2757 12 3111 45070
119 6245 42 20 1205 76 9696 53 2320 197 1767 4 19061 12 259 73 39 75 2 87 520
16 1149 21 7113 5 1682 84 159 25 8688 1821 124 1081 21 3259
142 253 30 23 397 48 5185 1 1200 810 840 7 241 327 887 6857 77 48 75 3079 37 1910 10022
3939 24 1388 5820 2088 3476
1817 57 6186 5 105 1494 161 2426 768 3 85792 41480 2385 14 16 2052 14109 1817 136 76 13 995 688 806 12 1670 39 44 3391 960
32 373 54 5 119 4 30 529 909 61 106 655 139
977 9 3774 19531 733 34823 1970 3807 977 9 827
47 137 1534 575 6094 27 1608 192 228 6707 444 739 15 505 4 1063 480 127 39 75 25 449 55 122 45 405 5 948 11640 2592 240 28224 2954
134 245 2 711 0 3196 7682 44 91 173
65 2443 2949 18 256 17 109 76 856 42 20 6174 8 127
13763 52496 10846 1370 163 3154 41 2454 5881 4319 9385 1370 3808 910 2 3 2274 550 681
21755 11 334 26 3531 6249 5925 5918 2347
1629 48765 54120 37913
72 62228 31 74 20 1003 864 183 118 0 887 475 66 775 21 663 179 808 9641 2355 18145 31 42 2349 58232 955 3057 23790 24614 2960 20405 84
1671 218 188 23 10298 57 285 144 451
66534 1163 40 11 3342 18 55 599 378 1194 188 309 843 181 5 41 223272 279 326
44 17454 557 247 898 1439 753 191 339 677 2106 442 4403 1719 25 41 2814 891 1086 9196 619 74 4023
2391 481 23 1075 222 288 12 3890 677 621 3890 1646 335 218 1 1938 512 38 198 1646 30392 40772 2178 343 1305 3759 17 2391 481 14
50 215 4895 1439 18 106 144 6557 9096 10994 36692 36692
3773 40 10 12558 46 84 9806 660 133 23 7373 6075 186 24921 512 1631 91 33 24921 8 704 4396
22249 219 8173 3233 2056 3292 63 167
2450 38441 3784 26985 1091 3 393 68 183 230 9178 17 1956 712 303 351 91 2067 1200 4331 12 1271 393 8 273 1015 224 44 3271 13245 85 901 2450 569
921 20695 89 3 281 0 944 4395 1075 3244 25 77 38 504 1 213 7 59 26 726 131 93 213 213 572
125 0 45 158 179 4542 3664 31020 33 802 6701 91 26100 207 46 20418 1759 2388 4276 1434 645 165785
242 2952 14154 10 56822 544 19 6889 1 20 1745 7455 1664 9887 572
3 132 88 10233 47 128 3721 9819 10813 33 108246 15 58 357 3 456 294 7396 480 1014
8124 24 223 494 5924 17 8164 39 4583 3841 3841 447
884 350 108 792 817 1508
993 19119 41360 641 1 20 3823 22151
94 2 111 1466 248 1039 333 30 56 94 3066 755 11547 2931
1558 60 2269 410 29 605 191 255
21402 27 470 1095 0 32660 50 16 1439 6184 13 597 494 21 3344 5407 798 17 243 2795 113 1 656 12 272 1019 51 32660 4534
1889 77938 10 552 415 12992 503 8541 66 0 467 136 112
146 766 120 376 2081 22 37 300 1887 1052 5 3190 4359 66 259 91 173
32 199 58 712 976 3 960 81
1581 1086 2515 2727 12 305 1387 25 13 95 27 122 2501 971
4367 73 424 81
731 2422 852 820 2220 1 6988 621 1 3083 4351 508
21626 9058 10578 0 44456 653 454
526 2 9751 14225 1279 367 39201 5086
59 10 71 25909 16 2064
85 8424 2130 254 354 29 1660 49 101 2619 6 19059 28173 3868 12197 188 116 86 41 8982 4044 25 2051 4 305 135
84 21549 24 27 57 122 881 1649 75 350 128 28 20 107 2469 3219 50 28 242 1868 1 353 171 333 5 204 921 812 177
143 13026 28 42 20 1764 117 5 109 69 7724 22 397 257 98 7131 12842 328 2 87
62232 3680 4428 1279 96 27 122 61 3276 61 8565 113 37675 16749 1294 57486 12 3835 34271 117 3276 192
6056 179 4301 18 116152 1940 157 0 147 7652 60 207 231 955 706 49 69 4775 12709 7137
14 3456 6 1605 1473 42900 0 4726 19697 4330 11026 216 61 676 567 379 34 37 2626 2670 253 3 4522 31 107 26 60641 1068 5031 2091 136 127
587 571 248 66 5032 954 4034 4858 255
4 75 2455 1353 1734 60 12125 2159 16 5831 23 21 819 6451 218 229
63 149 2013 124 63 652 6 5428 190 17 8284 1693 25 16 1071 55 837 30 661 50 179 34 41 351 190 7 1693
46 987 30 166 3289 35389 2071 2 142 3951 409 12371 24 339 48 3276 4 93 1848 1265 1073 1163
25 457 234 1340 456 14 892 0 785 16 137 27 239 10060 13
14140 15317 31 184 249 393 8508 63 224 8 64 316
5047 2761 227 1113 10 130 2401 14 51 585 166 72 5275
84 760 8748 51701 248 906 632 684 698 2398 165 8138
4181 14 13 135 192 228 122 109 111 1757 1235 57 667 74 125 62 91 5754 9 255
72 4388 95 530 17 10624 11057 5522
0 8904 1874 626 3 4118 6945 6 51213 54 6835 1909 16 292
767 67 2241 19 1006 2001 12 1581 607 308 134 4196 134 167 252700 2800 1591 8 6023 1346 62 135 49 65922 181 6313 607 5801 8 2320 493
7746 31 11 1697 18 52 153 38 51 1283 11 691 4927 912 1929 92 29002 12492 1109 281 958 1212 5681 2256 1 2021 624 77 706 57 9417 1123 20579 18 1998 2 52 659 2047 372
1032 12 1939 31 24 16527 2334 31 22 5902 89049 6820 39 31 24 1992 19726 29706 1875
2649 49607 9530 69984 7665 11148 14401 69984 10339 338867 41752 847 2792 81177 2523 69984 355 23386 5024 27327 31922 70214 133 1303 5067 51801 786 33 4975 49999 7544 29166
785 270 3693 460 3022 14 78 34 7676 114 2365 261 81 422 19362 294 397 18 152 877 234 11418 29367
560 328807 23 335 1716 2221 1660 49 12478 5821 4 23507 439 53 352 5 0 7002 1550 2402 8 70 73
119 754 29 20 2748 4862 5 73 32 199 29 20 3 12380 65 16 649 55 1574 148 1869 58 14
42167 489 11 112 20726 39370 42253 13601 749 489 9937 915 72038 9 47503 618 7324 9484 8019 12 26 548 655 73 1906 23476 17 489 1202
130 46789 5123 23 37 5065 1456 4 2426 277 161
722 170 321 108 29 405 113 0 1522
50 2474 180 7245 355 12032 4754 59 1 365 57 16 423 5792 22357 462 770 5 917 8028 2271 46
20630 11 227 139 624 691 6819 448 5 378 522
8544 14 111 339 1803 100 52 252 128 22 353 7149 3259 614 2 1409 17 26 11927 465
2866 31 219 360 2535 3033 3008 5 21 64 224 15 5071 1100 327 5433 419 1969 9 2869
5272 443 1338 12 186 2269 40 1 1655 2991 1770 179 29300 5059 6 1132 1727 26 1981 1173 253 20333 94040 834
16 6863 57 612 8351 30 112 2 26 3866 42 22 761 78 10252 1665 2278 4471 38 51 44 1834
5501 1198 24 2077 1009 3331 18 609 6900 2237 239 1 8083 35 196 643 543 51 16620 46 19 35 9993
75 367 7 61166 110 760 181
3469 46984 19 294 100 854 299 403 14 9 3042 315 854 294 282 56 18223 2978 52 4871 2032 321 101 4451 3520 2271 2605 19562
121 3166 0 1932 9 13491
609 166 291 45 158 215 1912 1384 103 2468 3 8438 2164 66 534 227 7916 2305
26 910 2 108 130 10098 1233 2468 66 6126 366 14359 771 253
104 86 1068 59 36 1376 1931 21 839 1221 0 52 5839 1823 2147 87 1070 1 1249
10 13 192 739 44 10296 2148 771 99495 41 2467
14790 338 955 35 683 390 743 981 92 12649 995 1214 2 35 5194
350 23 106 78 27 2325 13 28 390 354
230 4606 170 8 13025 131 721 662 10 81 5954 80
106 13513 2421 18356 10 10801 135 9825 12282 664
380 6716 2317 26 470 993 33693 259 8 1277 29563 3445 11287 104 242 492 885 32456 35 602 5 206 91 4948
46 508 0 1014 10 2665 626 1003 123 6294 535 3172 5710 163 817 232 18
44 42 20 5676 1 136 105 5 454 1 1660 49 1564 476 1113
11 3 3563 7 35 17387 43 1180
233 3171 398 5330 6042 59 42 71 4994
13 95 544 3853 228 6120 33024 752 5 2226 0 550 31 42 121 20 3652 38 3122 4951
318 1295 99381 7234 646 10403 118 5102 7 59 36 1976 2840 40 42 857 79 5046
2629 15528 23 37 349 99 255 25 2862 4985 695 3713 10426 1 894 64 172 2 41 452 1312 197 695 905
1231 1295 75295 535 370 2 276 819 1530 40 3800 489 14 34 208 37 2029 1385 16026 36 38 11569 819 1030 51 285 7067
58 58 54 671 145 105 2987 35462 497 177 267 1687 317 4849 128 335 68 1189 6909 8370
108 142 755 1431 651 7266
5231 142 10673 48 29 22 5773 5114
15674 556 804 254 1765 110 107 60 6941 21 924 91 3526
180540 998 36 54 157 2932 7134 3031 40 58 118 161 58 137 27 2853 207 40 947
2689 493 1189 8 82 2 2037 663 52 2210 145 490
645 2423 17398 776 370 197 802 693 27758 69 145 776 34 585 2006 226 844 486
771 18898 101083 75855 16659 1633 21794 9809
53 591 157 231 127 439 532 3988
44 56 767 67 394 10152 570 5972 14
50 5855 2515 58 1091 7211 3 8519 3216 25 15333 1 126 7 192 2827 4801
862 485 330 1504 6708 183 773 352 37014 2164 56 7410
152 1741 31 2503 20124 14134 23 37 17533 6497 1338 1246 3290 1479 8 53 64 296 902 581
32351 6 3532 797 37453 15080 31 10 900 2276 8 187 230 3347 100 359 2942 1372 1693 3 4155 20026 5 6436 441 14238 964
25635 89790 132 6 390 1767 234 14 124 26 969 12 73612 642 701 1049 1253 20 3318 982 2 495 6 295
45 1915 992 2935 411 7358 13764
267 0 4009 232 5 631 1 13507 70 135 12 1468 88 28 137 9542 37451 39 631 63532 29 22 630 806 135 16
11 683 76 186 73 940 249 34 232 19 429 1 979 3747 105
7772 10988 2295 7 16 6 1503 190 5 21 27564 14246 581 30 652 6064 410
45 158 185 649 55 1882 2635 3 313538 8199 45 158 133 6 525 637 157 26 424 11849 869 3 829 46
5 253 13 6 170 1843
5248 4 7107 838 3410 73679 137 1141 9414 5535 836 717
77105 4246 5593 5 8 85
2156 23 4219 3611 2 4358 380 3796 471 10 27 223 1966 15 5 5262 652 50 1156 60 85 61 36 5298 330 5262 4 6456 4514
4043 5293 3237 827 1040 1093 717 2 111 4043 33298 271 533 112607 11902 533 31588 516 2584 1692 54 289 4043 516 1040 26 1040 87612 71 1834 2127 932 20 107 26 1040
100 0 1420 2666 0 1109 458 2666 634 183 6 2666
2571 1686 404 5226 222 347 6638 2615 56000 3262 360 465 2055 33 1 20 357 45 158 133 9 565
70 181 435 1306 4543 74 417 9836 583 854 4 15577 78 6 723 5087 5329 160 1802 312 13 3304 63 167
10930 553 1075 60 492 6171 2357 56026 8 49 1 85 21 1598 4422 3657 2495 8 49 85
54 8863
1409 1103 44 415 197 926 4621 1914 2375 4142 14 65 21 18120 17371 209 2517 287 16 42 237 1579 5517 9 723 1586 6447 1597 295 25 42 27 3662 270 579
3535 9 4406 30 10206 3045 78998 14363 23275 18318 2772 17822 18 2908 192386 1612 152 3824 13677 8478 57527
870 2257 29 1154 433 5970 911 3779 1228 4773 257 2942 1631 9279 5 701 5376 4781
25 11392 2180 161 1639 7 34 3916 5993 16 11 7423 5398 34 27 37 23306
636 47 22 37 2303 8818 106 5940 5162 30 4600 47 22 16477 2993 4 451 5732 216 1093 3 3946 75 15 1 122 143 9450 4218 88836 14
740 11 6351
2919 3086 9347 67 447 20 8339 19 111 340855 11190 31 1470 20493 130 1611 2985 886 1907 4 71 216 1093
3934 2 154 101 534 13506 24 578 35 185 54 12562 3014 1698 290 1061 1173
27093 13174 2489 1542 14470 687 414 6021
7837 109 1634 31 239 38 51 704 12441 114 464 3376 51456 102 951 39 132 529 25823 22 1227 78 3569 64
4495 1253 139 184 2747 1108 49 1 160 191840 195 2851 446 41 6418 3134
28 2980 20 32156 43763 88 5887
6904 2638 185 3627 304 1306 2 12348 5 1567 29 58 4601 20393 878 3399 26440 1856 26440 887 5291 783
6 5884 7 104 12 325 17 2281 665 6 78 2684 168 464 982 377 576 1026 57 41 2409
62 588 1613 499 2678 4710 36 300 91 1582 18213 124 30 1123
3983 2606 68 290
7526 321 39 269353 10 2626 60824 8240 683 4 1400 146347 2 37509
97 3567 3776 648 7518 2157 382 27215 44 18800 7 58231 36 98 3115 3727 2000 98 300
773 352 1587 1768 193 1110 281 32765 18173 6 1593 835 6039 6 828 178 308 982
1351 7320 2918 2130 563 978 2020 10144 21 547 66 1760 1273 30857 9996 92 45 1661 28 2130 563 1527 6626 5 21 303 66 523 2080 3706 12670
30 11 26 1164 8 0 45 372 748 9 41 9614 3553 11430 25 614 13 23 2930 888 562
211 479 3 13195 89 287 34 1060 57 124 26701 127 133 97 19446 6484 3815
492 5 0 710 31 24 3859 1126 87 608 268 30 112 251 1235 465 8802 1387 4009 43 170239 10654 9521 8 35 2501
1364 32 150 541 14645 25 32 16099 65 13 34282 46 38 15659 83 46 121 21 136 1013 10 31539 5081 72146 3780 45 750 179 57 5215 22 1237 45 410 5
119 64 1008 519 1 3064
16 705 21 1086 1070 56 12 3 981 20273 15 23057 323 3072 10724 5466 20661 6922
121 342 16 95 225 62 0 1257 250 16 67 117 44 5314 2411
1140 54 157 914 5 359 13161 1509 0 84 2168 43 35 144 827 4 84 6636 43 77 35 5512 699 24 883
4352 1337 11295 872 44 4488 399 307 70 1528 14 16 1930 5087 399 20976 89 16 3555 4964 1 17919
1083 4679 1864 2205 102568 1484 1689
4002 1498 170 409 1964 19 13 23 37 746 409 642 94 41 1603 1409 7294
9 288 59 1191 20 283 272 2845 17 72 103 51 112 244 17 523 209 893 29074 501 415 40 2718 949 1630 1287 438 6 63 242 769 962 2452
208859 12176 561 1686 4040 3353 15 102 23 107 817 3795 19 1322 570 9 7548 1 1322 2618 1686 4818 114 15 2481 6909 570 3437 687 1202 88 3540 2590 599
32 10353 1110 109 2481 50 13 595 2363 0 269 1774 218 46 638 9012 2374 849 26 1133 4366 9 287 168 5907 65 16934 1758 42 280 2655 6431 30 269
7525 29 20 531 193 555 9631 2563 1238 133 9940 14
30 5693 7 143 24 27 1403 679 2237 7624 45 5361 40 23 2289 26019 30756 52 8 910
3116 1520 882 396 15 9333 717 1093 95 20 2072 18 69 271 2393 143 1093 1 122 6359 9212
32 199 1925 358 1209 14203 135 1 725 3529 895 87 421 69 51 325 331 4 270 5832 2792 1351 9064 2566 6523 1440
4366 134344 6452 36 502 4974 448 174 1292
39469 145 1004 1503 319 1793 90 21705 1772 73 138 26 2013 76 1654 6 390 5896 795
13930 30747 103901 58 5455 113 13472 8166 42 2381 66 188 25 137 27 20792 2180 161 868
59 81 881 790 5 206 7223 5 146 154 10637 1035 6483 10013 66292
291 252 22107 1430 474 3758 206 752 17 32916 7633 66 259 91 173
3082 33 141 24 4587 325 650 7810 12 82 1808 6415 325 650 7542 12 82 528 517 363 1343 82 4 36968 650 56510 3614 82
9226 7575 33 10164 1032 1057 141 7 2044
59 840 67 96 4410 2904 98 59 90
1474 125 24 4318 779 346 7545
65 71 1981 220 67 81 20 157 872 40 1069 43 74 20 11350
821 126 103 1173 2352 960 372 786 1712 388 40 956 168 1055 865 0 20231 104 307 1473 3842 13 15 2919 542
65 78 12367 2005 417 12512 13 1540 24890 1857 175 1588 3 3201 4863 583 4602 1323 545 767 16
68551 1167 826 1442 1232 83 40 1082 10 41 7080 6731 19096 70 3680 4224 12938 26488
4613 23 322 319 30 224
179 14 255 34 23110
20485 377 16644 10 496 909 701
0 320 3880 5 3988 201 18 45 158 757 443 63 167
25 0 846 22485 574 180 465 137 27 110 49 21 6828 5061 219
266 3 715 198515 35321 462 51 286 198 615 32399 91910
3953 1415 97 258 2394 45771 14 648 2779 6913 42 20 3296 216
242 482 36 366 227 111 31 1149 3859 2022 66 0 1446 56 489 537
28277 34 219 64 184
3 398 2997 3036 35 2378 328 15797 101 0 20659 443 3828 2081
17090 2492 587 258 50 3400 3053 3601
43 60 1692 458 8 282 46 554 9 45 158 613 853 101 7570 3242 262 1 160 586 634 12 160 586 3414 193
5430 4950 31 761 3 310 2 4508 700 2876 12 3 1335 5 359 547 5 16501 9168 10835 49 3 2470 1575 2257 116 23352 32956 23868 2108
73311 10 834 29 3882 1195 2276 15 47 2945 8 1329 224 552
238 130 578 2363 459 305
14881 97 4728 34 265 985 3577 1239 875
2671 1168 62 2790 23 1941 38 51 316 99 3993 19 160 121 1 160 166 1 156 2671 328 800
2089 1791 347322 928 3480 6171 284 16530 171 497 14 6171 16530 171 497 12118 760 253 1001 5 2044 2 345 658 621 1695 3974 19 253
7581 5212 100 5593 224 24 6087 393 1495 130 120 62
469 74248 12627 43 3163 3309 1215 9 252 4591 11067 66 18 2813
1078 27 13973 19 523 321 942
1621 7 466 10 1100 30 1292
13 11 794 7981 472 4473 1597 8501
515 2076 9017 132431 1629 1484 1 182
7872 297 343 816 1592 17 1064 1818 311 450 4530 30 693 0 2086 23 3937 26 3344 710 4693 1410 0 61 1818
5343 2495 2717 5080 60 9423 1 176 92 16 11 656 683
540 36 1063 850 2210
98 14 355 3345 1334 6644 2163 1129 40663
60 1765 36 1595 46 2748 25565 1391 441
576 324 6713 43 114 5008 37627 65 5092 1628 3867 2517
77 4063 2094 10 1201 10 0 1124 3163 15576 15515
2235 19976 1024 1599 357 90 261 97 1285 89 16 3610 749 600 31 11 1900 382 0 1831
30 301 27 1088 7 78 4320 27 4225 61 238 29711 94 24 81 924 49 1315 389 33 1192
821 292 7 4572 10 324 33805 634 0 15623 1040 89 33298 271 22 1115 3269 78 578
47 5950 47 225 38 266 17 14885 615 25 47 96 27 199 30 11 135 1 176 43 13
9 191 331 3597 417 3993 1092 134 2281
2073 4601 2290 1860 353 1346 0 3004 451 66 35 8758
4877 13722 3313
28 235 1953 6850 31 62 246 46 148
47 965 11511 17 1161 0 14589 1775 267 39 27 1 140 39 774 13
592 7 992 2197 3274 2364 1731 4341 2393 8417 444 282 3742 2 6810 92 592 24850 2630 4638 1983 2393 8417 444
1326 11 12302 7791
65 59 697 22 1758 7533 13
46 0 13064 3612 11 18478 257 6 627 23665 905 332 36 98 107 14097 148 701 30544 398 297 16945 14
94 61 4213 993 308 8418 3 388 517 5 133
44 3391 747 2942 240 369 244 32 5066 1 177 91 8806 15599 5320 4193 25203 5 35 809 688
106 571 5316 305 32 42 667 47 67 145 610 15168 118 539 742 153 14130 86 144 10863 742 8542
48 67 55 6416 459 57 977 77 6 84 2585 504 48 17 7 1066
35 1387 7239 61 383 35 15279 17327 4 3272 2031 49 9362 68 1650 61 69 172 0 430
3 112 244 425 8356 36 4547 104 1964 1042 52029 34 3245 2745 15 2119 61 1106 21918 35 698 17 115
165 535 800 137 27 3206 49 71 1042 9 93 759 103 6 149 312 1591 21 1217 12591 146 154 164 314 269 1911 137 13 945 14250 454
12185 11642 17330 3692 4 155 384
60497 586 29 1154 856 136 193 13102 251
6 6182 1581 1163 2393 5 4806 40 48101 509 5 41 2968 1536 2101
13 205 15 47 235 617 57 3 896 271 74 176 110 0 3886 2743 28 205 220 309 7140
25 132 6 325 346 37 5 3712 1356 99 13 11 23361 18 4715 4408 188 3334 12573 18 2265 0 50 275 11 685 4065 10445
81 1197 271 2871 4456 92 35 4233 2876 572 4917
12 33 2316 5709 62 341 1160 5314 506 1724 0 296 681 0 69488 3850 9972 379 183 1338 6453 55293 214 6 44648 2973 1303
1672 64414 528 846 5472 33960 11812 10950 18439 103 83 70 3260 22 37 9067 18 97 584 5535
10 27 64 76 9369 19 143 10721 23 37 334 3 430
0 751 1335 6422 5 8300 1544 282 266 1654 74 122 220 6333 17176
13 157 3 130 533 776 5753 462 82 227 555 31 23678 503 1182 1724 2696 39 748
534 2318 55 219 322 283 19
3128 2 395 24 1633 349 3625 24152 11094 77337 3311 44 962 0 3843 40 20194 713 893 4548 93 1240 113 44 60 10259 917 260
412 310 8881 100 72 534 5 45 2818 101 72 2959 17 76 125 513 397 38 2208 294 1014 51 0 46 5 2197 334 72 2959 11 1525 6568
421 10 1196 0 3286 5101 48 67 55 1695 39 365
69 9163 166 14468 24 2056 1456 701 25 27 3931 900
238 16267 281 16622 42 22 1060 6780 222
3263 268 38 278 3277 4657 19 13416 599
1409 183 72 7967 2256 36 3125 89 28 12028 7027 67463 11220 472 3120 266 424 61 1576 2081 1417 998
1378 3210 38759 770 232 60 7472 345 266 12 17710 31 2863 10107 69539 30490 2618 1141 8216 421 151 165 1242 6850 570
43 85 2647 8091 527 480 898 85 79 0 146 154 20344
1777 59 114 638 51956 133 40 2775 1189 0 1629 4506 326 6 1990 1132
40986 32086 298 60 1748 8 1629 2557 7520 5 6336 17
1966 1333 4095 2706 1609 999 0 403 22 37 1138 432 207 2 1367 2142
371 80 17029 116 373 9 191 589 44 53 10498 190 100 19124 22347 1269 83 86 4427 23669 4820 19 1271 0 64 184 8600 57 10134 4 140 53 4662 229
72 33 2327 21 839 9435 32 736 7 39537 528 95026 20410 75 11009 133382 12129
106 980 795 0 156 1046 2099
648 1285 17 12809 1 365 20920 4257 162 2500 3744
2571 3194 618 2001 599
1739 9883 1470 140 229 4423 869 5917 25 24 4870 54 1255 57 5 149
77 47 96 22 10945 135 251 52 1416 22 35 196 24963
633 126 8 910 92 929 35243 6631 155 7096 10325 24 528 285
6004 408 9551 4574 28470 323 4234 3840 8819 25135 23942 2 5915 524 26 2934 2470
62 35 723 233 151 1403 18368 24 223 1851 1442 1832 1611 1450 1084 6849 513 1 148 18380 10115 1613 78
5590 14780 8952 9634 7720 488 362 7290 5684 4204 6600 2377 3510 146 2147 5105 3696
238 3 1723 13 3 6663 8 252 4642 4037 4642 6318
16 6087 9 178 308 8 145 3595 277 4478 673 1163 513 581 5 10158 113 654 5752
119 2776 23 2856 697 1 96 10699 1007 154335 79017 118 455
16 27 37
32 199 106 767 24 1948 3256 7 325 1296 275 305 6354 14 72 88232
53 1066 5164 11 1049 46 84 7519 1081 226 33802 924
44693 20 1060 839 83902 265 531 19 29646 25 44693 18621 29 20 531 436 136 60 1 91 73
21 90079 1350 2247 4676 19446 2179 78840 29 2669 52 39120 9 192 361 1182 12890
26 20308 3475 2055 38756 20308 495 513 2769 200 1730 654 835 1700 308 1001 30 1637 0 55 16330 2055 38756 16330
1287 438 14 58 34 71 830 101 10321 1298 34 37
351 6022 262 30 112 50 3 4004 6130 205 0 10573 20734 10431 103 6 523 1392 1428 438
5526 536 14 2447 4 1471 4182 2232 4884 0 2058 6 4030 2467
6502 8884 1500 374 54 1301 5244 59 10 12237 478 131 877 21 209 418 59 163 163 4448 10284 131 0 60 1084
61908 6541 2406 713 16889 71 135 26 5816 109 1567 1644 3681
63 167 4507 1555 128
55 7714 4878 1271 14111 11 360 28 24 46 598 293 19 6423 35 4878 63 224
69 271 22 1094 762 4538 1008 315 3854 471 138 26188 2449 101 916 41 4862 23 1075 49 4743
7145 2 35390 896 434 2367 78 920 114 21417 24 871 1689 2598 684 1649 8 64 313
27 80 16 429 1694 948 2 85961 563 789 1611 51 103 6 523 1530
32 1088 17 70 321 2725 1 389 88 830 30 189 176 9 5114 16 14
952 54 1309 5049 31246
165081 6 717 27 80 188 90 15 175 374 12693 25 2043 21 1104 743 807 1 162 0 718
13979 33 391 1176 93 2286 1623 1305 2001 47365 416 1330 54 58 2009 1 177 38 1623 16924 0 617 173 2925 2469 478 1665 35 777 39 365 770 1910 309 110 1053 24 617 437
25 81 1402 59 10 5944 5121 108 274 13018 67 20 4086 12 168 11951 3542 10522
5141 3057 5003 1455 636 513 3025 5 657 63 56 7 132 4477 474 388 372 14 187
121 80 43 4270 36 125 2625 84 79 668 1 336 3763
335 2752 908 45 6110 2164 695 40714 1260 98 1069 18 14739 87830 7754 151 8599 4 5514 51 1600 2619 57148 89 13 1309 3082 2504 4 25023 839 738 14814 72155 66 14873
3701 6300 16717 10 1324 1473 9 1531 60 1592 3800 18 3399 346 609 11 2412 2874 675 6 3387
913 215 7015 146926 3471 215 6164 72725 3471 270220 19579 4673 2872 2 96323 3471 3051 123869 3471 5126 475 2 15421 7226 42934 913 3838 5952 7226 913 5577 2 1064 7633 7226 589 1855 3838 8495 7226 393 7579 3262 0 33 2 28264 6523 3262 0 62225 3262
143 1530 508 67 985 18 206 860 138 4097 508 8913 4 444 508
174 1465 14307 1358 11866 460 43213 3175 6243 1529 5 388 3040 5153 669 387 1095 347 28 34 1117 2338 277 161 3042 2 60 1847 286 4 60 1847 266
2886 1102 1286 209 10408 512 2 240 1558 35959 1148 4626 255 1179 17 243 155 6051 20109 116 35 894 11920 1486 8906 2278 201 148 945 3170 332 1 220 791 888 5 287
32 373 5 627 2421 12 119 1152 3873 1441 53 66031 12 53 4594 6038 2776 645 33 43 21 45 619 168 266 286 389 35 242 479 24496 11492 3543
63 112 52159 331 554 273 56 3 1671 1787 2743 2593 3638 2335 1122 54 985 1952 5467 15295 6399 592 6 10208 25276 790
30 54 964 38 88 13005 6 4020
27 16680 142 2225 34545 321 25 786 1712 388 348 64 387 18 69959 1505
38 6220 8 79 609 7 28 22 1941 429 0 3488 4 16424 16786 91 57 155 1832 28 885 779 17 4625 28 427 0 2868 2 371 9629 114047 3903 525 3 5640 3752 1740 1760 2481 65 452 846 24 3372 136 387
11702 26 18975 4 22705 2971 1341 9086 247 486 1427 3303 488
50 32 176 1 2580 32 373 22802 18 1940 4691 58 120
14957 298 3 1258 806 1416 68 2580 4300 88 4743 39 1120 3791 14241 39 23649 98 26 1859 3791 12 818 4557 551 16 118 3188
28 2929 60 19029 410 5296 2202 1485 63 224
584 797 9934 1078 139 2130 296 6982 2309 23 7379 1086 1 4191 596 3392 242 2588 784 6043 748 1144 17056 23249 619
500 10 7 65 47 327 205 1 30 1906 2 681 32 199 47 1442 163 3882 159 2 106 5842 58 984
5171 87 590 440 4 10565 1386 11971 183 7 41 1155 554 82 64 91 173 56 15 767 162 87 833 38 35 2203
32 1137 7 421 4248 11 189 1546 119 628 39 213
92 30 795 1628 6475 278 15 3 304 5310 8 628 282 2910 128 1682 21 39 53 604 6038 43 2059 12371 242 1454 3832
69 744 5280 24 3385 12452 39 8580
30 1732 758 142 550 10 189 123
47 107 70 170 2239 25 106 5057 11 836
25 19903 600 515 4920 60587 19903 24 227 43 1769 587 3349 809 610 3349 1671 1464 3285 40 9 33 1427 46 38 51 52 252 3763 5 362
1900 86 1468 2060 6755 10431 51639 24257 268 3144 3367 5667 16 11451 14596 2665 1426 3642 655 1726 38 51 155 160 73
1366 121 276 9174 33207 2893 4617 1024 11 6093 13624 311 203 863 416 754 2 0 4097 4453 21235
1280 10 159 160 1222 10854 174 13 332 544
102 6779 2701 613 853 129 4696 65106
286 4382 2000 10745 86 708 248 13 68 2185
188528 10100 7013 1161 12782 1128 9661 9945 9945 188528 2631 290 9945 21065 5273 18131 2780 3692 1083 93495 1494 399 663 10100 188528 23 668 3 2258 12782 1128 9661 5273 18131 2780 12500 1083 15150 7547 21 8445 9 8631 5273 16875 2780 3692 2780 16875 1083 15150
46107 265 5134 5500 1875 1696 5620 140490 192
23 896 12971 111 332 17 62
58 301 25 32 496 1002 61 58 1371 275 13957
59 275 1616 43 30 159 2011 8147 1017 2 2192 98 7578
5 94 1132 47 88 171 823 12 894 6320 238 109 3781 2 5837 0 580 7 47 24 3296 14 5 144 3455
99 35 4912 0 788 279 23 201 4206 1188 5 1347 1426 411 162
38279 11 64 123466 1859 2857 0 503 2115
155 2 512 2985 544 575 80 46 1099 251 3 650 710 5 2476 11702 1341 575 71 6279 6576 325 271 272 3195 2475 755 29626 362 51 34 37 3933 422 291 216 3767
8 38 278 1453 54780 19261 39 33 33
235 2102 468 103 1705 55 104 20 3 221 8262 980 36 27 528 283224 1229 934 67 810 2049 2669 1712 42 519 22 37 980 629 1279 962 46 65 670 4092 55 37 93
721 91 73 44 24598 30532 5115 3729 5111 41 1564 3311 2740 408 1955 2088
35 50233 1922 38501 44383 152 377 234 39050 45226 152 343 105 527 7294 8023 24 5 4456 164
47 36 4423 162 208 431 4465 49 738 47 338 12 163 275 539 250
3736 262 83 60 207 44 3 45 1613 2 97 654 3407 178 568 4 17073 1094 18 390 536 1 2564 0 828 2897 604 1651 2092 4719 607
65 48 235 1948 34372 48 67 353 23083 430 228 136 589 50 28 235 32980 293 14762 43 13100
47 22 71 830 108 94 69 2248 2000 19 30 5570 39 384 98 23796 11384
47 248 5618 1816 40 42 20 7815 10945 4 2063 2575 1426 9 2016 398 14
170 638 89 3091 487 4203 90
13837 13545 2072 4343 378 11629 161472
151 1184 4333 72 37887 24 6287 383 965 515 2677 5028 41 1746 4048 2270 19 1165 25 74 427 3899 2024 3068 2803 3445 19497 3112 3738 3763 380 133 44268 734 59 1764 20 109 5251 2 2101
3049 4939 3418 599 156 2958 1497 9388 5 495 6488 1488 4719 124 30 14924 12821 10595 4904 14 9222 13592 170 1118 1938 19752 664 2950 561 156 485 255 596
47 2273 30 430 18 93 3717 1264 3 156 3820 47 1248 13 1347 1013
6116 14491 93 3604 15331 10 71 8717 6514
4087 1852 1127 103 4510 528 600 21 33 32685 21 169727 14572 4 62 35 121038 1284 13 826 494 0 35468 14277 27 1 2939 342077 207 24 265 429 52
4973 4937 5428 408 9551 23 37 5420 18 77 16 366 2622
13845 839 4888 48 67 1453 2324 279 33 33 40 1628 26 607 18180 279
838 4812 40587 1639 8383 57 288 6 190 44 1299 193 230 418 10582 8966 25 0 179 649 55 239 140 109 2239 12 5438 23977 1175
1361 1244 4975 1735 6 1740 30377 100 93 4539 3345
1592 813 5 1587 27253 9992 4479 3792 640 44 1 73 90669 39 772 4396 80 240 5261 1349 549 1113
3267 3352 3925 410 43 33 34106 111 24154 111 18478 110 45 5718 756
60 369 244 172805 298 3 430 4800 71572 11209 4522 31 23 585 3577 7966 145 829 1169 33148
1127 1527 6194 1199 1472 1360 641 168 355 303 5338 5464 250
6420 33 623 1058 948 8 34911 3941
8 910 50 0 12936 4995 7630 487 32639 0 3082 7630 26 548 2 32639
147 17874 9 247 165 419 602 726 9842 21006 991 3178 438 941 726 34 37 14003 295
1555 1827 3279 2962 4582 951 4240 3 33 4500 7 10550 14999 0 1810 1260
539 276 4608 855 468 860 24 218 2844 264 546 12 3 790 7005 324 168 8326 2936 203
233 15 59 23 37 71 417 9172 71 299 21 1892 3775 28 922 100 417 802
291 73 16 23 6187 9770 2087 1466 129 26 726 12 320 3517 216 2113 6913 1682 2087 1664 2 921 28 1517
2034 397 18 15 94 15 256 64 316 7032 50 273 313 761
2326 4464 7 4338 918 0 77132 15 135124
661 6932 72761 67712 27286 44112 33106 939 25632 41319 150 25632 41410 25908
47 96 35623 628 31 365 10 3862 140 35 832 293 31506 4357
464 1556 1379 22 366 35 277611 2467 1649 27089 124 178 471 15 0 6088 3073 2743 32573 23904 26855 346
731 373
72 140941 2291 1 3048 161 11 118 3 942 8150 50 21 3936 12589 53 4663 100 6541 5 92 16 17 3788 776 17 4041
1236 9 32634 5 525 994 3750 76 8 63 56 8561 45 56 13099 1 0 5588 5462 75910
25 1056 126 28 96 1022 903 43 20893 24643 5998 314 2213 200837 31 6747 94 4598 3543 251 127
104 849 57466 23 14 1130 128 765 243 85 5 1414 56 1070 511 385 85 223 19 713 1493
52 1165 514 5785 4635 14 52 3479 846 36 3602 13 42 49 0 464 982 751 46 313 2 1347 516 68 4127 1190
16 54 14 13 542 2154 3 2408 615 8 74369 6281 5 159 89 25575 10 2004 27 80 18 11178 1209 25 18 10520 3269
6167 34 1313 7574 11 13712 294 5479 2239 1532 203 863 93 44 304 387 136 56
16 1619 608 1 110172 0 1273 401 396 440 7854 63 56
7056 1062 64 61 1408 28427 695 2512 0 2164 1726 6 3432
47 67 122 6674 6069 1814 367 75 7 2778 1845 327 38 17922 17 0 198 76 3979 2049 771 567 287
158776
11 46 66 44 744 3526 25 262 110 1380 186 6941 9 2401 728 744 8 147 5682 127
285 144 398 355 7791 6348 71 351 412 37 107 9 0 757 40 10 125 7955 44 64 1660 152 1244 1640 16640 2995 2415 44 884 36 891 43 21 1491 309 38 51 1459 220 2 3 340 1391
5 148 161 253 10214 78 1413 505 4433 18 3487 161 8 1313 75535 1430
81 47 22 389 17 178 441 459
40374 1073 344 3467 4 7136 250 2578 4084 128310 179 750 7910 2 280679 29 564 5930 6031 34917 4025 1072 12413 16787 160972 27743 40374 1073 344 93 258 391 708 386
3356 2065 115 157 210 169 210 463 35 210 9565 591 1940
351 482 24 27 223 263 207 233 5362 364 20 3656 1450 328 53304 86 98 9139 1 1427 8 2172
1877 2441 297 14731 425 84 539 6492 708 217 8 3 38 930 1004 220 2109 26 991 913 3509 63 56
29 446 85 1733
88 62 69 3599 17 3745 18791 3599 22 1164 2284 35 1664 15 3959 16610 398 2247 19446 11965 1340 118 887 475 180 420
1231 141829 1500 370 2 1345 2 707 120 7 1729 4537 2 1588 9600 8360 9 3404 717 10 283 38 1666 51 1588 73512 1814 1270 1486 39 104 2591 1177 8151
1356 6769 5 863 6282 82 92 844 1352 4349 23909 315 2632 12 82 516 740 3412 2010
322 0 2051 727 8 84 16849 10 27 31 20 136 93 25 267 2180 1944 39081 5568 17090 39 109 69 980 29 2019 0 299 7 2113 79 5 395 7863 374 7 239
221 1634 249 91 709 63 167 5122 3 7183 608 28 36 7068 2 160 1053
4758 29 8018 277 1463 1122 1 389 17 178 1664 2 109 3551 74 2376 175 2936 1222 853 686 10546 12 4784 2687 856 686 613 5757 22 38 688 8 37252 195 6471 20 7570 68 46 4787 166 119468 16822 148 320 1317
3049 5715 3694 5715 222 347 41 14252 379 1 168 4919 3422 200 678 1026 555 40105 1270 2287 23 10669 678 1541 99 379 6 12323 12 4919 19 146 154 0 269 12635 3441 2483 81 6664 555 5 354
121 33 3619 319 881 581
59 24 263 1202 57 59 9 687 94 40 24 476 480 403 40 5339 674 8737 835 1374 1895 1809 428 181 312 5016 8737 1374 1895 1565 126559 14
6 2902 1783 50 11 25 0 63 76 1158 9 870 900 11
195 371 37 159 1316 25491 95 806 852 9 30 3269 175 39 25704 13
30 26 4277 1013 113 0 16929 2 2024 33 3674 1848 541 293 19 7026 2640 1403 12439 3674 2339 14 1266 8451 1500 370 56344 29651 3674 1848 9093 4258 1018
1961 7 74 176 208 15 16 375 3079 176
30717 2502 4876 1751 1507 6455 861 584 4149 288 1007 46 658 7383 384 448 14
73030 10 1171 1182 8 103 372
10962 73 9 16 23 558 2276 5 21 1699 239858 9626 819 17158 16065 132 251800 12234 3 17423 780
0 1678 2430 29 121 2336 44 0 64 184 652 6453 4395 550 5843
81 622 22757 16288 12227 1 10423 6460 44301 2524 15657 25318 35997 35531 2 30860 2322 21004 15332 10 43 692 4020 61 511 56016 43 2303 1329 33 780 3337 19644 31 3987 12 4644 3132
72 2654 4474 29219 3902 1441 12503 415
322 4142 812 806 26 23983 208 7201 39 71 1597 105 62
19837 149324 3055 1350 745 4684 118 1103 44 415 0 399 812 3152 792 287 432 2499 989 2683
38 321 0 609 10 54 7 71 46 722 2274 2 3389 22865 15 850 72631
233 346 821 114 15 1537 10952 370 1556 337 17 91898 30950 5970 126 30 1732 2555 3878 4349 36 339 73 244 15 3872 28082 181 2343 261 3535 10085
97 648 22 6863 57 212316 4188 3879 1363 2965 330 793 4066 6474 2 62 64196 166 1853 1420 17073
6018 1077 38 6301 5 617 56 1 184 2108 9327 331 1687 545
20376 219 155 1015 360 147 184 86 9320 2805 490 15904 40 58 219 1997
515 33 19 91 50 3996 50423 248 9281 186 73 33 5370 100 2832 6218 802 28 468 3094 480 317 986 19 4133 755 426 8690
21 703 262 50 405 19 188 4360 753 959 5059 44 1370 146 797 34 43937 972 1 979 12715
144 101 1740 633 572 475 10489 673 1591 4152 14 58 42 1211 14231 10833 91 4805 3 149 1591
102 137 27 573 755 2237 25 3679 1309 36 107 18 316 2008 271 138 21615 3 464 583 139 5109 406 15 940 2449 139 8972 3284 2 724 61 1577 2320 5788 619 14
425 125 656 89 47 156721 4 1406 69 7546 2409 1069 66 259 186 73
6561 48 1407 43 319 2006 212 2423 4844 10415 58148 5698
5152 46941 289356 23573 5407 332 1 1026 3 5399 11825 29 1393 15 551 6 80 408 3351 3664 88301
98 115 305 51 98 9 532 847
9759 2018 729 13251 7483 3861 5299 2362 2560 21 1517 31550 7148 22962 11728 4390
32 199 103248 931 135 192 130 855
30 163 4277 89 64 76 403 29 22 6324 1008
58 137 27 1180 20 1711 1564 5168
9102 288575 39265 311881 5256 974 705 53 603 0 64 76 99 721 2869
0 15683 29 1144 146 766 191 2141 43 2403 131 1858 3298 212 757 201
751 49 2223 765 13368
7470 503 3505 647 3333 47480 14 7 89 5781 640 7 91 39 155 61 24 3749 198 414 14108 6 14493 364 20 732 2592 80 14108 6 815
23600 1412 12500 17508 120 16 23 526 43 12299 4535 5 60 1081 1308 16898 301 27 117 192 2248
65 87339 1182 82 23082 61 2367 25233 3772 1036 11 3234 30 42 7017 82 2 164 784 182 1181 0 687 414 801 420 39079
155 498 68 2802 47 34 265 585 185 1233 459 61 7214 194 55 1506 12 9460
32 199 17 70 321 7036 988 20 118130
539 2134 81 1180 3007 86 2499 6342 380 1565 4181 3074 3 1670 5777 114 4101 128 27 327 3814 120 17817 4724 24378 10 34590 4 3406 9897 131 5541 1048 10 23166
82349 133543 11 265 73471 0 87 50 46840 32330 26 210 1111 19 11429 17 408 291 4388 2672 11 125 5 20478
3173 599 5139 3060 1293 2788 3991 139 599 4 3428 6765 1293 62 12102 180 63 60 369
1663 6 45 1411 2727 11200 424 46 12 3041 687 10629 54 23 5948 13484
3320 1495 15274 8298 622 2632 1296 1921 441 1698 8 5897
969 16 14 61 225 76 3066 119 1493
3622 9 30 4559 77 128 22 37 1729 10767 3329 397 15493 47 10758 8 109 5797 985 13 14 386
359 60 25435 17253 24 526 3195 140 159 5 147 656 0 5353 1461
52 93 14 16 34 2031 560 5778 31 1366 6058 14491 628 45 158 6 14286 203 7812 9593 2795 89 53 930 2200 1839 53 13625 3378 61 42 13980 33382 161
7949 51598 31 398 2437 7 11 1601 324 1135 615 17055 3239 91 42 20 891
3207 6222 8841 1149 21 3165 9 23752 273 127 17 3451 3207 349 9 288 349 49 3 45961 302 61187 2204 529
645 3794 22225 11 1409 44 3948 5275 12368 606 207 44 402 484 206 2 3429 121474
2326 14 518 34 2003 2816
1245 9433 3563 7 633 6057 4131 77 1528 430 0 1921 441 388 372 104 44 2546 260 166 1880 1348
384 138 13992 22 891 328 1333 4769 3764 322 12550 23 7078 9 9851 777 6952 328 8601 1986 41 4136
87 3103 932 176 1519 33 672 238 197 295 10312 113
111 31 67 96 111 31 67 55 4646 39 145 78 420
251 14905 409 363 545 43 7123 2 363 1 1560 1 126 697 77 409 545
75 1068 18 0 78 6 623 4298 57031 38711 26 9974 13927 968 26281 6588 40 16 7577 2079 636 2676 36561
3694 22512 74 27 20 1016 1003 18 455 864
227 0 1000 400 1033 24 3451 7542 40 332 4768 17 243 52 540 632 540 17 4062 4069 1293 437 677 6 10610 3134 18 195 344 1163 4062 23 265 405 186 82 41 4862 30 56 70 493 36 405 30 112 19 41 1859 21952 4 6729 856 14115 15 159 3 315 2576 856 540 0 182
497 40 259 23 2356 2130 14816 6814 7 1077 78 1168 10 1584 6 221 2798
1714 1002 143 165 5688 492 48 3154 79
281802 1883 29 196 198 43704 413 172006 28 885 5 281802
5643 29552 128647 7239 1502 1011 330 2976 16312 1 942 88213 2461 10987 4 10833 46 3149 278 1365 3443 7769 9376
65 1948 595 110 576 24 27 3195 195 241 389 17 69 1860 46
48 3523 17 1162 18 2659 693 113 68 7330 26673 251 2163 76 2678
20927 219 80 46 902 3009 494 21 2121 44 34430 1507
94 664 2559 1 5290 2768 21926 1433 1397 871 3118 293 0 6696 221 8249 774 13 2799 1855 1239 1657 18259 166 645 3389 19870 644 0 52 816 3650 1613
1333 706 2480 2675 18864 558 3231 11743 155 286 68 2566
449 55 4115 541 217 9 0 6676 13511 18 37072 6876 7543 17975 38814 23746 56776 109 1039
528 1284 243 916 32 356 406 24 4139 43 5892 35 9121 4 628 34 8 1079 483 108 47 364 2469 100 6774
1357 24 530 68 505 9585 294 1168 4849 25352
5990 332 1 779 1820 133 565 72 6249 223 1 122 3 1068
15148 787 1321 859 3858 1069 33 859 326 50621 0 571 2544 2516 5 1341
47 365 7 3406 9213 1521 74 1028 38 51 3 160 8417 1019 134 56 96 263 73 5997 51 3412 4614 74 1560 3 794 1188
58 4318 27 20 1715 816 25 58 11 4318 9148 53 37108 998 223257 5520
875 136 2187 4157 18 2635 4 506 1932 25025 3370 11 37 84 1814 875 0 80 11259 5 2402 101 1797 24 1322 8 49 85
209 10 283 19 66 25 241 20 21091 113 30 76
434 3371 1653 8348 361 1379 88 2801 79 15 192 4863 192 130 1758 634 249 7071 6991
16 34 15722 186 73 11384 132
108 7 189 1 389 69 61 2485 912
0 2895 40 1032 18 16104 5146 269 1008 23 265 37 2729 60 361 3172 4 3827 752 3700 482
46 249 6707 321 0 798 7171 3 1425 400 40 701 10 5351 117
46 0 623 7561 29 20 849 197 178 5315
20655 17 172 167 29 327 644 36274
87177 44970 1793 5487 1541 3516 569 50 2535 21 3885 0 52 374 31 15484 3361 1 11438 4715 4408 217 90 1940 17 180 465
2788 3991 1792 10542 16513 1490 418 291 3344 306 516 3767 324 219 55 572
1231 6 2205 33 8188 31 10 54 3 539 663 46 590 5658 270 1084 14 59 11 520 1825 3481 1514 2158 131 78 15367
16422 200 214 1944 786 0 481 11554 449 55 145 5 27998 10490
5 11145 85 61 38 51 82 1446 52 1113 458 1216 82 2 0 277 2847 454 40 20620 8 211 155
12237 6972 40 997 1641 1007 7159 2116 6496 5 32056 1611 60 623 9316 2028 563 1885 568
90274 452 2567 137 10049 3766 6156 45 363 471 3730 42 1764 20 798 1 2439 136 2567 433
188 161 187 238 864 44 12852 758 2 6972 37296 31 833 12 27602 1322 2353 11706 58288 71895 2006 26765 58144
266 179 5580 2276 2 9785 67595 10081 98215 34055 76128 1643 57 62 4791 176 494 45 2623 6241 385 351 14680 8 1104
32 625 631 342 25 10 864 1932 1395 991 8 810 31 10 2123
111 5244 449 55 2597 141 22542 119623 31 964 26 103792 139 217 395 2 3525 3387
285 144 3302 126 388 11 4957 557 88 109 69 181 1112
1043 636 6 1142 164 23 201 38 51 66004 711 26481 7144 138 1457
801 420 137 1670 7 690 690 137 293 31039 20566 592 237 49 45 15846 1512 56214 4990 835 1548 2245
5521 227 0 64 2322 555 861 584 140 0 981 1470 7170 35994
32 1211 7 109 914 7 527 382 0 19211 1774 503 1918 383 293 1467 17554 382 3027 14498 1467
121 63 596 1716 2181 1461 5 3747 2908 298 430 19 21 10025
351 489 482 24 223 136 56
87591 36 2842 1209 874 70 289 53 1551 25028 31 58337 6248 12 23345 74 20 3283
136 8612 11352 11541 1 176 116 50 3086 648 1034 4649 35 3267 487
845 992 807 7 16 30600 6446 53 248 10839 3629 463
91 69 61 2037 1096 380 28 24 27 941 20 760
52742 633 36 1290 18 91 3440 929 12 929 1927 100
3923 3375 329 521 7116 36364 34 5694 6115 174 20217 3923 1418 325979 547 66 45 158 7884
448 841 20554 90 147 76 25 16 11 2786 270 7002 44 418 97 2031 90 49 89 16 34 4464 100 648 60181 97 2138 2672
9254 19605 8704 20632 68474 26 1046 1134 1969 2751 44 3361 2 362 11 2796 3 1684 2540 261 11 502 63 56
697 99 1399 4295 1807
172951 26970 2932 26970 2423 36827 33 2521 24 38 10767 1229 28 29 1563 2440 2618 43 17356 2360 39 2028 14776 3 160949 5173 0 6972 62 10508 40545
2 146 2548 1163
48 95 27 88 13 25 41 1178 62 198
522 169 507 1879 60 11006 3704 35 2405 41138 136 5002 1232 382 75354 587 9820 9957
89 5938 10 3 3101 7 1325 712 1009 3116 1056 40053 34 1073 1 7336 5938 9349
139 3711 1011 3336 8294 2284 4 378 433 13 1145 10669 82 5787
931 2367 1429 127 66 585 416 4914 0 224 2725 222
1024 54 14 1018 29 302 139 2 32744 766 13499 2944 1889 1420 78 436 136 240 207 100 793 6 332 7707 38 51 7404
737 14888 12157 259 21290 17 147 948 75 1780 2785 24227 470 1 710 13 218 2763 490 57
11457 14125 702 1699 6163 7946 442
1188 5 325 426 42 20 242 11470 18830 485 4 9190 295 307 13 74 54 857 508
1364 11 51364 5181 2610 22484 1359 102136 95564 13764 7424 3885 25 373 27 80 3489 37 73706 18 111 249 26549 456 1954
25 34187 830 301 237 68 3 319 45 135 2 1738 267 159 2 0 161 6 412 5 6495 253 39 267 722 13 135 68 45 3843 830 541 1568 57 1638 181 1309 3 3470 135 1738 43 542 7 10 2225 324 20 162 8 208 208 76
103 6 879 8 1115 315 1802 22 575 13069 5354 390 435 850 694 93 4297 2572 1120 2650 5579 4991
0 1772 140 229 1064 5870 1303 9 2604
2037 52446 12265 23 1181 4660 76 75 283
111 760 6011 1032 7 5110 6862 823 16199 10631 17836 21240 6753
62 43 23441 23396 786 611 180 2083 3614
732 94 1742 96 22 2777 28 194 55 12515 7314 79 13 649 55 168 7 251 1646 23 491 2780 8151
58 2534 57 59 1919 10499 449 55 2241 4604 1234 59 34 27 37 94 2095 1 644 89 59 27 2706 15567 1970 26777
59 461 4040 7 320 3822 70 48 11064 4716 461 4040 7 70 48 250 320 8287
72 3401 1851 223 2747 417 160 9245 3636 1857 221 160 265 39192 15 2331 117 149 4030 110 9 1232
25073 635 308 10 339 515 531 544 168 4 250 832 1980 1453 952 9
645 45102 1334 30 799 50 1576 6869 27 130 318 9 1166 16000
6966 24 98 10666 1 162407 778 18 41 755 767 31 2980 20 345 538 975
921 2119 35 540 14 29 23631 539 1125 643 31 188 7643 124 291 6499 1510 3 284 8486
16 107 70 1732 2 3756 21 204 33 143 60 61 107 49 57 937 16 4090
162 61 36 842 10196 35 699 44 3699 6 118731 10051 5383
124 147 2311 47 29423 1990 2139 6312 38 51 26 1061
243 764 435 36 691 2732 36 98 357 216 308 2378 21778 764 6591 27123 353535
8 5240 1261 16 712 333 141 8 21 64 91 173 36 6118 28685 682 2961 981 2923 351 9142 4790 5415 4 111 60 1572 3582 410 7651 1385 3428 1984 1271 1 4943 4058 5 186 2610 5 0 683 804 1612 349
460 8404 1412 1213 14540 42 3018 112 17 4199 104 15 5137 152 304 643 3235 460 61968 112 2199 8539 726
306 0 15789 3548 3276 193 90448 33 4533 5760 0 1315 2 63 112 20178 9385 224 1987 2104 537 2 9461 39 20516 552 5845 1497
32 430 9 28189 270 435 1079 1035 568 1557 404 11559 19 651 39 418 459 7 417 7254 30 132 68 20625
121 32 338 68 877
1725 24 7545 1 35 789 1834 8 40 22 997 4 71 1723 5 94 711 789 29 2366 7 6043 17 3392 1776
72 604 685 376 73 1490 607 3919 1908 2438 178 3869
11445 1412 10800 1267 120 1311 10279 4961 3210 18307
2432 50 48 14 48 22 34 632 2 7876 111 36 83 1008 143 45 1309
111 2557 45 158 45 1661 3884 20123 65 534 2429 966
322 72 142613 3348 7847 819 8403 1245 2880 21 1311 22 1060 43036 18 252 89 59 71 1183 4 89 16 3288 145 123 1875
30 12002 7 1272 7717 57 77 241 20 189
32 199 27 424 21862
3 904 13451 1270 2885 1896 50 1284 24 3529 654
47 194 55 239 602 1265 2724 14413 14
296 16 34 14194 2130 3361 89 17 76 16 941 2375 7 4715 2229 3175 1135 89 13 34 21997
30 139 7723 452 618 25 530 17221 1562 610 1493 20 237 1 0 27505 211 2801 3726 1370 146
393 3237 4656 121592 1527 6042 54 23 20 1895 12 229 227 10213
3143 331 4091 18 411 134 245 259 56
2779 6 1317 38385 3345 1071 55 494 267 9411 34 26 950
8552 1576 4881 92 28 36 1399 3464 4786 1341
131 545 5068 69 1000 13698 912 1878 1108 768 2009 237 85 68 44232
25 86 419 4771 59 3 15626 16720 629 4747 246 34 71 4377 2 41710 190 46 4632 13 5179 293
32316 449 55 1016 353 1624 155 61 265 691 9 3315 2 16626 1241 2328
6134 95 20 1648 9 14071 89 28 24 113 60 2057 2997 5 1527 37454 2841 39597
0 501 292 7 0 464 982 74 140 70 145 4 7 97 448 641 38 1858 1022 284 1459
1528 2337 3625 6 78 5251 418 23 709 1237 367 287 10445 394 49 12 1614 740
1686 91895 14 2104 56064 343 9944 6 28974 4100 9346
32 4412 46 85 29 557 13 64 56 3963
21 43474 595 116 27578 6664 113 1660 49 1271 1013 0 69 5876 3664 14116 5 13937 252 6746
1558 1802 185 29 3617 131 156 11406 164 4 320 164 549 308
13 83 56008 7629 638 126
143 3003 22 26 11963 20862 43 79 95 14
82350 22850 94 6704 36 348 4155 121663 2 667 8387
12 45 1954 32 705 45 459 1031 64 2060 1326 31 4153 3199 216 1701
16 23 2382 1562 21 196 6573 9 132 80 99 731 50 4060 597 147 93 2 2804 63 13270
8953 12 2835 1119 20120 332 383 68 6795 115 28514 7304 2 2816 156 3311 3281 7058 3476 234 2979 114438 118 887 475
2472 248 249 1013 18 6764 21 3155 92 59 71 40757 220 717 12493 998 47 2044 21 412 140 6043 1849
3054 24 3881 117 35 2329 228 202 852 57 163 228 63 56
25 13 649 55 83 631 4290 1284 353 49 2274 3418 1605 4241 1733
149 2061 1216 1182 41 440 2968 10542 2228 18 11316 2871 3016 932 2439 1 9735 185 1658 68 982 78 4858 15116 64 82 2442 1 824 17315 5758 506 446 3 875
25 104 45 11621 322 1 3518 525 727 31 869 388 372 64 37944 830 479 9698 69 4088 100 2644 3599 173 44 2128
1756 348 85 5 273 313 20192 201 183
2080 4255 11433 6 260 137 27 442 879 1077 864 193
17 70 615 1137 34 37 41090 603 32992
45 158 14 42 977 305 5029 12123 40 17028 287 0 755 919 1845 1786
75 0 80 667 111 31 3651 72 456 513 877 1674 10 7 16 67 20 6444 17 70 321 617 56 1240 113 5 1988 209
4422 3855 959 8333 218 7699 1160 3285 405 869 3783 1447 29743 86 12522 524 259 6569 4907 5248 15617
2377 3510 87 577 325 11038 42 3265 85 684 5 733 40 184 977 1727 7049 2001 854 299 542
52 514 105 1428 4385 438 1781 1256 43 471 5 843 879 12 151 5719 93 9798 2306 5660 288 153 14
46 2 286 11 335 450 18 481 4354 760 2257 3744 1311
106 980 8 2730 42 3228 143 1784 11406 8192 1198 19337 957 4 1211 79 1 232 110 1 35 540
5377 1097 650 2596 1122 23 37 107 4733 58
690 23 37 4403 3717 3440 78 341 195 92 41 252 5048 1302 40635 1863 3118 31 472 861 690 3309 8981 517 411 913
42315 20 1178 1 1437 16062 7 48 9090 612
13 10 1851 941 6418 42 22 1022 38 15 26 928 8330
5262 3 152 3998 4503 1214 46 60 21225
296 858 2109 22 2746 334 35 2944 9223 4104 6 2270 15 2698 11147 140 1 0 1509 330 16215 18236 35 10477 66 598 35 3397 11194
25 2522 1592 1481 204 1071 55 429 0 61108
16 14 7 65 195 922 1078 41 893 500 618 25 248 1919 73 96 75 61 42 126 48 36 5184
16 23 310 57 2 147 2239 1447 14
240883 6362 309 49 167
903 1349 227 16025 7 384 241 47811 1411 726
32 13092 1 3 1710 2511 24833
45 158 455 4217 5196 76 3353 2258 736 1924 654 9568 4551 4 687 1202 2305 34082 604 8129 45 158 215 201 183
1603 10415 13974 242 406 15 645 101790 15761 11174 9688 718 33516
99 402 260 58 842 206 387 153 1 4604
736 17660 4555 9 3 845 2 1491 7825 8 279 3 788 1838
72 4736 1768 3 9559 0 1986 10 3017 1066 4 697 38
557 72 9950 37907 935 665 6 283 486 10 366 7711 793
562 88 62 5618 5016 31 48 1211 4 13 625 20 2585 5834 182 2215 12 1140 5891 785 1110 19 1231 2841 1128
2338 120 4043 127995 2579 5122 55041 93 4333 50664 54 5989 172 1313 20992 2345 8283 1799 7 94 0 4450 55041 289 1929 4325 2349 8646 126 3116 87297 13065 584 317 55041 289 1844 9030 12296 51703 13499 5135 69 12441 1199 4235 853 250 10096 1567 1916 13365 789 958 404 6520 1155 796 695 9 689 6676 956 1 32607 39 3635 404 8068 5185 1247 13365
44 2593 56 4230 16 4112 74709 17 3557 22112 5 64881 7477 25 739 6035 3441 2513 11 27 90
63 112 72 456 54 347 332 1013 49 216 17 5002 2183 3879 7394 15 159 78 2331 1 2564 2036
1439 177 14076 30439 284 517 258 23 3 535 1999 181 1894 564 8697 1694
4663 9600 1655 131 3834 20 451 4 98 223 1 20 451
32 667 48 29 5549 8104 108 130 142 4356 364 22 2986 671 48 75 130 7 107 867 1 117 48 121 4 500 21 2702 1638 765 48 115 90
8002 2 5807 1805 4214 213 293 75 130 32 11 41920
104 1489 7 2320 980 95 239 751 5606 4 1211 77 1006 8 798
14738 380 103 179 23 9884 23471 573 3939 126 7 267 563 29 20 2049 1049 5110 9 270 1655 69 1926 13800
28 1622 1 3474 149 1823 2 4037 270 1307 128 631 2275
72 3369 14 464 982 50 48 2569 242 1360 48 237 7 1360 145
384 575 6959 29953
16 110 9 161 333 147 316 25 298 80 60 21 256 44 22507
25 569 44 35 754 25720 11 1366 28 7627
271 9880 4185 12 2363 2803 2 346 85 4316 92 484 10934 67 1028 43 85
186 431 231 201415 655 247 2 34 1069 3 45 687 414 33 40 23 327 31012 8 17837 499 7 81 28135 523 209 153 103 294 10076
3963 182 233 2546 52 5127 7 6104 95 3 976 552 770 4434 125 1491 4158 740 96 305 51 1041 8367 29 799 2005 5738 793 1190
38707 36 397 787 1314 2476 195 44 13 1964 7 3 505 160 1168 726 3173 74 824 0 102 792 928
877 2481 1268 25742 3 663 3455 115 1767 501 2231 12800 2531 9 111 107 2192 192 1997 531 345 61
97 398 155 61 34 37 4454 3452 182 1 149 2840 279
8616 718 57422 35138 2140 3713 8733 1632 332 1534 1299 124 21 3921 1262 1312 197 695 905 40 1100 1264 433
215 1481 675 54935 1443 95050 160 160 152 44929 29620 181 2492 3 3595 179 19 2788 3991 4566 102 6 2574 86 9221 1253 15207
12705 1514 3023 1771 351 254 7400 360 1175
3 139 2 5417 197 2309 14 193 7 18 7287 62 1241 29796 593 100 1350 20 2568 3 7210 1241 161 746 250 865 1858 6024 3 549 483 1139 692
32 2431 928 1111 119 628 941 42 4185 141 3 45 1213 238 79
19982 163 163 836
89 29770 11 46 52 1954 2 9915 1740 2454 5008 3497
202 2497 611 1902 605 18 1721 30200 722 3 410 2 18337 4051 322 515 4103 41909
12112 14739 1208 1969 262 49 830 202 15 135 5496 68 1405 87 147 84 11519 132 6562 74 16338 2519 3951 2642 12 218 4311
9274 126 7 962 226 6 250 95 27 20 1254
6689 114 4897 748 13817 2109 146 154 129 991 32 2676 166 0 2371 19 0 154
30 489 2063 7919 131 311 2 1415 311 776 257
909 65102 7056 5041 4 44013 24 24453 961 1 7923 345 27138 5 45 3045 17 257 6 1265 1468
11909 5968 4 4428 20769 10 41 135 113 10595
521 52 1056 24 4515 19690 998 7 715 7089 135 1072 4392 156512 1457
9 565 0 102 6893 41 1779 1092 1 1092 3 413
3519 1692 36 5839 44 203 898 7081 3591 87 6 577 4609 1270 2651 5522 14 882 1155 4542 82 64 313 1487 38 7072 19 2745 715 923 578 1541
25 222 16 2420 7 30 125 137 27 176 283 367 17225 1528
15 0 2762 1085 8473 4670 2 444 49615 12 1047 444 615 9477 1836 130 88 0 1518 5909 5771 696
48 725 48 1852 0 319 7644 871 1031 543 51 70 1547 38928 140
32 117 3187 367 7 32 22 176 115 19 145 17 215
460 11 1366 5 3221 1020 873 146 154 12 211 5 228 4829 4 739 157 21 4641 24309
340 34 114 4684 32 316 223 13 5380 41 3408 39 30527 41 39355 5 22205 2 106 2731 7275
6 350 61 239 774 14
281 1028 70 2359 13491 1488 1778 0 2816 4428 677 64 41308 23 37 347
258 1058 708 3289 17891 14 9 465 430 7 313 306 36 454 12 1743 25 4834 5385 1743
48 20 1927 5 753 1988 4 111 31 96 27 22 26 583 111 1988 29 1927 848 1193
1294 277 784 337 1875 618 337 9 6858 6775 1875 618 550 4 12 1875 5567 2309 1937 568 6775 2593 1602 4025 43 30 1355 4511 15 141 15 9109 410 9 1875 618 630 6858 40459 1875 618 5 450 1865 2575 2328 1 258289 1484 34602 30 1251 1918 557 106 1223 33
11053 252 2454 2665 39 635 3825 1 701 138 18 61 31 24 27 694 1795
44 15161 14472 6158 40 282 663 2 21 211 2465 21 1475 606 11 300 645 91447 7475 5560 5679 1089 129 197 317
6259 57545 357 263 369 86 98 833 2603 1737
4 5628 231 0 17763 42 1019 0 1469 3150 850 368 2832 2333 2075 7 5894 493 419 3031 4956 6313
1209 7 75865 1068 42 1037 0 3037 2 1460 930 2147 723 1586 2147 216 581 8 1413 2036 3990 1089 5820
7 25604 738
12 75 130 2494 98 1868 3832 12436 63 60 73 22 37 3719 26623 20051 15 1128 55836 94691 63221 347 931 49 130 21 287 1 6754 495 68 3 2079
104 65 628 674 86 2923 577 2060 58 14 241 3563 171 35 1225 2494 79 850 65 2599 57 11204 871 1282 1508
1209 320 164 1656 70 9340 3 1794 18 800 8 3569 394 1819 349 60 431 866 230
253 74 22 249 5492 1235 477 7545 4 22 16857 94 69 1208 8924 3061 1 3129
127 86 34 37 685 541 246 4176 151 549 4 82763
75 77 4332 5099
1272 107 2789 92 4515 930 40832 406 1169 35117 3752 1160
2038 359 4 1277 3102 497 22 327 10551 291 215 3140 0 77930 18529 2677
25 92 30 815 253 84 2369 4045 133 20534 24 1471 1228 57 211 115 1063 1600 1786 527 1279
307 219 155 87 410 3233 63 2520 15 2622 643 9499 1288 253 16254
13 6303 108 3062 24065 1181 1161 9 635 4026 414 3283 2021 148 463 1733 5 4462 1665 104 50 116 3187
1067 3482 1297 146 427 17 1411 1480 257 469 10 530 1471 2549 66 108 7266
3 1369 2912 4150 10912 14544 43 17252 646 2703 18346 11331 41440 79 4017 3631 79 1 1573 2399 935 97
399 38 343 1896 74 1775 1 385 50 28 11932 860 228 431
13899 4 33268 2489 1205 453 11 38 3409 134 245 124 380 109 516 2967 982 57 17 76 50 315 404 578 1156 1941 134 245
54 15895 57 1633 410 2 1538 3058 138 4548 434 394 38 328 837 4 12727 583 1253 5731 1253 5068 19 31683 195
46 1536 12433 23 232 27593 75 130 3633 60000 2872 3087 780 428 679 12433 6 604 19676 653 5568 18352 1100 20 813 136 167
3 450 40 7091 18750 7997 19 2539 1 405 2577 1648 4605 98 335 161 3 1937 3098 2 11981 2505 1123 2063 4504 1741
584 181 2099 771 295 1085 32629 181 1700 5 250 1421 168 383 52 1118 8256 363 272 8349 6674 1019 4 1 168 52 1200 264 635 12205 887 854 299
321013 0 4552 139 7 42 8923 5893 72 42881 89 3715 13 42 953 25 1619 90 1078 4370 1305 2803 181 1365 1498 13354
345 1537 82081 5472 162 2402 3003 1323 1 59867 14333 92 50051 6912 51801 82081 605 1268 18286 6 510 10 476 6912 51801 2 1395 155 2520 218518 6 1535 4409 8322 2070 137 1809 302 296 1977 321 1645
857 2 336 364 10753 16984 700 482 40 74 140 263 369
4963 1163 8 910 4855 3 3680 1393 2940 8 272 51 1109 70 660
48 67 2669 13 10 12679 8 27 94 22 1131 114 3851 109 1596
1005 1019 82 264 1430 24 578 38 185 4 296 987 2493 1029 2774 264 516 56
12509 2699 645 24926
1579 482 19 87 6 64 1329 700 26 7820 3439 2895 1520 7 13 10 80 15309 1666
153 468 41 1264 29 168 4075 2467 0 1076 12558 9 858 7332 2 257 15 3 15512 14944 1819
16 70486 68 400 15 343 1068 17 88075 257 1038 905 655 2 101 16 831 21 1950 1431 2116 8902
25 3974 2075 1759 4809 14909 1031 7 6302 738 640 94 2850 278 5 4952 36 27 98 12631 7947 105 277 1542
1262 3549 34 6597 113 26 424 37323 518 136 1630 15 58 11 2002 3 1530 773 136 1 53 518 11 98 2091
927 84 52 154 22 107 275 1377 1118 2861 266 164 94 22 1941 429 15 672 4869 4 3578 572 4917 45 105 182 502 187 640
900 5478 434 22 30217 5 2085 9368 1636 3 440 3608
42 799 20 1495 170 1581 99 23 34 0 242 970 2024 375 5488 33 2653 687 14 2418 90113 539 1792 3161 8004 328 139 40 7550 38 51 160 138 1581 586 1939
380 18910 5338 916 2 724 6 160 61 4 5557 31 122 49 162 82 0 1113 22 8538 1 26135 11399 724 592 101 791 248 229 23 520 2 4692 131 1891
28 7437 2111 35 3528 763 1181 79 9 687 414 249 78 513 404 20040
240 459 44 62 24 1057 75 13744 15 6904 95998 85343 218 33809 111 22265 48 356 1793 130201 40 1180 934 8881 15053 6307 1814 7557
2176 182 3590 74 1997 6928 89 602 6688 4 755 2647 4 3131 5832 439 17857 954
21 136 383 11 1 9098 1338 3509 15 258 78860 4 16 3009 59 8 155 73 86 2181 1 257 1510 0 81 18481 180 9549
210 31 811 156 1134 420 918 18 21 6213 3374
10443 3697 16052 224893 2746 44 1621 578 73 348 70 33 97000
4 422 296 1796 1244 534 9 2844 971 59 37 27400 2 1397 377 461 2023
4 33 577 1306 30 11893 33 1471 930
45 24647 905 287 38 51 699 1069 382 156315 25002
5181 2233 284963 29 489 59 192
28 235 3296 1495 170 16748 8665
75 358 5593 188 16400 51918 1583 3375 1667 28 34 4972 99 35 207 3988
22725 2921 95 20 71 87 25 20292 283 429 87 374 24091
102 14 2729 0 141 5268 1105 10066 919 5310 2 737 9647 325 26988 33 33 2649 74068 33 21856
46 589 30 112 3683 990 0 10296 795 13923 2148 2 5600 1270 4423 18 20943 162 53 3744
107147 723 36 7060 419 3493 147 1501 31 696 22 1131 163 760 1311 1507
70 699 248 9 444 255 311 2197 1816 3485 70 3611 1239 66 775
5681 93 13606 7967 416 987 11 0 2256 74 1560 10521 21288
10766 86 47 176 96 48 2241 4846
66540 7 380 13 815 2902 108 0 17251 1 3338 497 42 3208 18076 39 1432 151 450 618 738 2320 550 42 20 1049
21802 54 347 45 5657 12 10501 6434 3431 46 179 428 561 1391 15407 4526 885 2557 30 56 1485
4878 134 245 544 885 531 10 173 4278
10204 16007 0 495 6 381 39039 2080 2523 1734 23 107 281 2244 3 679 275 456 102 2787 8 560 16007 1037
87 164 1210 14 41 489 476 3038 12 832 2437 82 2193 9359 9251 131 2081 407
8350 1207 6109 26 349 26321 340 2458 5430 22 37 2621 517
271 7 22 10418 25089 38 285 1035 24 81 1532 130 38 5052
391 390 686 437 353 64 3953 182 6373 3829 8995 312 1067 1059 1513 329
1663 29 411 1310 232 57 70 805 142084 1270 41 187 681 584 25 77 1783 2212 29 389 88 77 13 96 792 1355 130 2634
30 10 26 5902 1491 9 106 159 1 719 2991 106 726 12 793 514 3561 1389 41500 14 121
88 94 149 7582 45 1661 60 78359 54 779 69 149 540 72 19331 15 1412 2932 72 8929 15 3 46926 503 58907
1267 231 8492 1724 68 3 2973 5801 40 150724 2694 2440 26610 35611 6639 0 63319 1717
30 2427 1181 7057 2654 193 469 290 17 10 1117 129 328 485 61
186 152 686 8 4264 6284 539 515 60 3537 648 36 42277 7248 238 1923 1165
28 22 528 7402 1599 13918 15169 16633 4263 886 1038 25 27 21687 3 444 11409 39 4096 6352
6301 10 561 1 1329 2300 1203 81 0 395
81 3 5518 798 51 17 109 76 21 2229 2418 10505 8026 23 37 9 21 242 2848 259 240 173
615 2 444 429 41 434 6908 4 1314 554 965 437 5 159 1367 7120 5 592
10301 2185 261 511 50 16 29 1240 758 1054 845
192 130 3252
1903 269 10 15335 113 1951 87 321 101 52 175 1021 55 15 3867 14 7418 2087 950 3323 17223 31 23 811 12 1951 568 38 51 1283
44 818 8058 130384 2714
12823 554 30 1549 799 42 22 1060 6611 1267 65 8025 1552 42 22 685 148 112 2057
648 10615 61 21378 1671 2 1797 1642 79 110 17 172 0 1292
3760 34 37 9805 25461 162 82 4 14 7 615 42 4467 8 483 544 1049 1329
623 1256 266 31 22 34 713 142496 41053 23848 75 1506 1540 1065 12 142 3160
2882 128 2049 10209 30
75 31 375 10 429 143 459
84 1424 9 1150 3199 89 27 4458 864 2356
58 14 422 914 1752 21 603 451 21 3024 13 34 967
16 54 2793 5055 350 182 52 2912 3549 361 1746 517 11338 5 0 198 326 40 248 229 318 7 127 11 27 3685 21790 1632
32 1705 55 774 64 155 1397 57 5067 1157 806
59 36 80 512 154 40 38 51 2924 1113 33 559 1915 121 12465 171753 51 13 10 81
629 1714 40 2424 47 235 1380
69 505 3232 8 45 156 21267 4 149085 1819 24 5265 8340 49902 5278 682 3724 18256 1440
11622 133 399 5840 503 399 27 205 1130 8 114 4642
7 5535 3687
238 539 1360 30543 1165 943 67 55 122 1757 39 2857 0 78 2296 5524 434 4 384
74 168 295 70 660 25 13 54 74 453 446 78
4586 907 103152 57 0 830 2 578 190 127 162 61 31 26099 35 1273 128 343 24877 11138 380 48 401 305 117 59 124 2383 222 16566 202 65 48 239 1719
13 42 140 73 464 21077 1882 9 35 196
26 48327 370 3 214 121996 14 171 266144 77 28 177 0 1509 17218 21373 31 527 5 35 7145
13 1106 88 3 1874 2 44543 9200
19947 469 95 48 225 1593 6322 730 970 25 125 1029 1930 4052
12 71 1502 110 15194 1776 16990 36 188 3894 7047 169 2240 106751 36056
15828 110024 900 6 277 234 1999 518 4 2668 1767 1935 143 4040 1 289 1880 489 139 9 900 4302 3990 489 139 0 1120 2749 27692 28529 161977 9 662
534 6 600 10606 248 5 1338 379 19 12775 1776
0 3024 15077 54 256 830 7 41 6333 34423 7 13 4369
17589 10566 894 172 10 24910 484 447 285 1797 12 10873 17548
47 29 2592 94 38 2 416 4262 533 18732 857 20050 1676 2576 15 639 106 305 1073
19152 262 44 73 2323 19 4581 35 832 5287 3746 43 5004 40 10 43 646 19 741 43808 5278 55458 1894 849 124 1101 12115 18 4137
77950 18516 3558 56510
1694 202 26 11361 250 633 5 561 154 212 4 584 552 2 596 466
21 179 348 25 13 1071 55 714 127 145
12104 3534 24 2260 191 6 1294 355 6 778 40 1295 22136 219 23958 302 1913 23528 57689 4 22990 1015 1793 151 2503 1772 773 352 302 1913 611 4617 39008 75252 15 11013 1305 28223
4902 54 217 62 152 21057 18085 1 10140 1968 1604 100 11147 762 3946
1502 1479 11 2072 5 9566 12 1502 1321 159 1502 112
3841 580 17 508 3 919 1209 2724 216
0 281 11 2312 12382 18 701 0 132 152 7261 10100 4159 5148 41 1870 66 22056
111 24453 0 955 7054 139 29851 3351 1727 35 348 7672
48 246 47 783 48 13207
10290 529 23 2989 1555 5055 630 41 289 7190 5 465 430 187
9240 986 1540 421 0 38 48 975 8 533 545
1815 421 1193 8061 90 15 447 301
0 18384 29317 3365 6113 527 2379 78 649 55 22 559 9 108 658 5146 269 42 7266 3269 151 198 76 14 645 2841 36568 370 156 1345 12110 4 8787 3792
141 13 1296 213 88 58 23 3 170 181 189 1441 266 365 1741 96 30 4252
1101 37 18945 8 2869
602 6329 1279 6708 82 160 2666 1059 1142 14
233 263 289 550 36 5910 19 3381 518
2660 1170 509 1170 24 26194 1698 40 5110 1716 39 6574 395 933 39 860 40 509 1218 114 15 2009 12561 4880 332 74 241 1334 4418 1850 39 762 9502
72 19739 23 54 357 579 464 1556 677 2951 321 328 10 1827 21 1860 166 3963
28 364 8059 1028 13592 765 79 439 6488
887 475 2076 8475 1050 5 45 2818 1484 30 182
6345 3221 3147 6712 16817 248 924 190 86 189 57 1 359 6 71 3159 10599 128494
48 199 16 6 59 7539 0 14397 551 445 1 21037 17514 16 6 27
1043 1130 1935 281 1253 471 23 1143 41 64 3455 8917
4041 311 6507 41 196 160 1221 0 69053 34 1 365 1582 1168 41 546
156 209 6342 233 0 2005 10 134 1454 134 56
805 14319 119 819 72 77832 231
27374 1590 140 35 1624 19 5181 3829 13235 1306 2644
6647 3678 40 992 590 1241 1079 3955 519 3312 0 858 741 45 158 722 13 494 15908 1305 8068 24 5146 6102 3092 3139 13471 19 35 8982 723 1 13321 165 149 14 52 950 38549 939 11460
56 13 720 85 8 3 102 107 19177 897 1486
8020 125 649 55 117 13
4479 1685 1606 11 3750 288 1292 8 1081 12109 11277 4 26817 3020
1692 5110 923 578 554
139 473 1411 1059 4215 3413 425 1438 701 900 1456 793 146 154 719 662 8231 552 772 2022 0 197 3084 733 87 195
0 78 1637 706 12635 160 68 12635 2493 984 185 74 13128 342 172 2 167
1248 432 2303 930 5182
45 158 343 277 4478 673 1163 174 58 6 163 2119 495 577 434 1982 55 2085 367 984 295 74 140 148 751 0 1570 238 822 835 440
208 157 21139 81 11 1905 3477
25 126 70 12086 3863 28 9637 20281 19 3251 36414 893 13056 7404
39 886 45 3106 623 861 3491 374 297 70460 1167 217 592
10754 118 50497 10 1435 1145 22 575 3 4118 23582 1323 16 29 220 70 851 1 309 21 974 776 7117
671 1241 2534 3 1975 427 2 3 169 4 1643 5203 16 841 1 2892 19 97
682 55845 9767 1952 9235 66 19364 254 18884 7889 1417
422 41 3836 73128 250 23 20780 44 4596 15636 7826 593 54464 24495 100 54004 97338 587 45236
3718 0 653 10 3 18783 27 3307 261 48 177 8060
392 133 48 1563 1057 976 21945 18584
1617 371 265 1060 123 3437 368 36 5904 3710 7904 107572 177 65 28 9682 4390 31 74 22 1337 68 4344 7374 39 69 2884 86 1063 518
33326 1623 3043 54 2363
254 1683 1007 243 8994 2081 511 386 14
